EDAD
56
18
35
47
39
18
36
51
26
26
43
38
37
29
25
21
21
47
40
51
40
37
47
29
40
36
48
35
17
41
20
32
27
36
37
19
53
28
30
37
47
21
58
40
34
9
9
45
21
26
29
42
31
25
39
45
43
39
27
44
34
25
35
35
41
25
25
45
27
48
53
43
35
39
30
41
36
42
35
50
49
13
29
42
30
27
39
37
53
36
29
42
25
54
40
40
49
23
25
28
28
50
35
40
31
34
19
43
17
26
40
58
45
28
22
44
45
23
41
26
33
31
42
37
51
13
47
36
31
22
39
28
29
39
37
48
21
39
42
45
47
53
16
31
34
42
31
40
33
37
36
40
31
46
40
63
48
43
40
46
7
13
48
36
40
36
17
45
41
26
25
39
19
44
37
22
17
41
44
35
34
40
32
49
31
52
31
33
31
31
24
54
47
41
26
37
27
29
36
51
38
29
32
40
24
43
49
31
49
30
36
37
36
29
54
30
44
22
46
44
25
30
33
43
28
33
32
43
16
39
51
25
34
34
48
28
39
34
34
33
46
27
49
23
28
26
13
22
36
43
32
43
57
33
37
34
21
37
28
53
46
17
43
48
36
19
41
42
26
32
36
22
35
28
47
39
36
31
28
24
17
25